40.922326,-72.637078
40.922326,-72.637078
40.992288,-72.723496
40.750422,-73.996328
40.718758,-73.986427
40.730223,-73.988564
40.696355,-74.025276
40.706903,-74.008654
40.708834,-74.013168
40.713941,-74.007401
40.780751,-73.977182
40.72775,-73.980396
40.739024,-73.983542
40.740916,-73.999769
40.729124,-73.991582
40.722105,-74.003497
40.738088,-74.005095
40.780751,-73.977182
40.745527,-73.978449
40.752955,-73.973196
40.755332,-73.993172
40.765926,-73.985443
40.735449,-73.996788
40.768823,-73.960257
40.758775,-73.967842
40.776765,-73.982213
40.80813,-73.965653
40.798664,-73.967778
40.802918,-73.953107
40.812242,-73.9532
40.776629,-73.953914
40.791884,-73.943517
40.818474,-73.94329
40.823438,-73.949039
40.839137,-73.942181
40.851293,-73.934764
40.863194,-73.926959
40.801913,-73.9347
40.75953,-73.989847
40.813884,-73.938498
40.710223,-74.003368
40.826736,-73.939398
40.858692,-73.930999
40.703801,-74.009814
40.780751,-73.977182
40.761812,-73.950521
40.70859,-74.008687
40.780751,-73.977182
40.780751,-73.977182
40.71254,-74.013289
40.780751,-73.977182
40.780751,-73.977182
40.777952,-73.988381
40.780751,-73.977182
40.780751,-73.977182
40.780751,-73.977182
40.780751,-73.977182
40.780751,-73.977182
40.780751,-73.977182
40.780751,-73.977182
40.780751,-73.977182
40.748181,-73.988421
40.780751,-73.977182
40.748181,-73.988421
40.780751,-73.977182
40.780751,-73.977182
40.780751,-73.977182
40.760264,-73.97624
40.760943,-73.979908
40.762808,-73.978534
40.765243,-73.980438
40.766429,-73.982728
40.780751,-73.977182
40.780751,-73.977182
40.753987,-73.980811
40.759224,-73.977762
40.759287,-73.979808
40.780751,-73.977182
40.780751,-73.977182
40.811115,-73.96423
40.780751,-73.977182
40.780751,-73.977182
40.748998,-73.986467
40.780751,-73.977182
40.750629,-73.989426
40.74964,-73.991889
40.751757,-73.992171
40.751489,-73.990537
40.780751,-73.977182
40.780751,-73.977182
40.780751,-73.977182
40.780989,-73.95158
40.780751,-73.977182
40.780751,-73.977182
40.780751,-73.977182
40.780751,-73.977182
40.780751,-73.977182
40.780751,-73.977182
40.780751,-73.977182
40.780751,-73.977182
40.763419,-73.973971
40.758937,-73.97302
40.764068,-73.97348
40.758304,-73.973468
40.761104,-73.968036
40.780751,-73.977182
40.780751,-73.977182
40.749435,-73.9758
40.780751,-73.977182
40.780751,-73.977182
40.780751,-73.977182
40.769945,-73.951117
40.780751,-73.977182
40.780751,-73.977182
40.752351,-73.979132
40.754591,-73.976238
40.754858,-73.97497
40.751933,-73.976794
40.75474,-73.976595
40.752621,-73.97548
40.756447,-73.974821
40.755839,-73.975279
40.754305,-73.979564
40.751656,-73.97516
40.754305,-73.979782
40.75557,-73.978877
40.755332,-73.976082
40.751378,-73.978507
40.780751,-73.977182
40.780751,-73.977182
40.780751,-73.977182
40.780751,-73.977182
40.780751,-73.977182
40.750308,-74.00058
40.780751,-73.977182
40.780751,-73.977182
40.780751,-73.977182
40.780751,-73.977182
40.780751,-73.977182
40.780751,-73.977182
40.780751,-73.977182
40.780751,-73.977182
40.780751,-73.977182
40.780751,-73.977182
40.780751,-73.977182
40.780751,-73.977182
40.780751,-73.977182
40.780751,-73.977182
40.780751,-73.977182
40.706925,-74.008154
40.708918,-74.011066
40.780751,-73.977182
40.780751,-73.977182
40.780751,-73.977182
40.780751,-73.977182
40.780751,-73.977182
40.780751,-73.977182
40.780751,-73.977182
40.712697,-74.007812
40.708857,-74.016217
40.714643,-74.014958
40.716597,-74.01459
40.71533,-74.016306
40.714231,-74.011895
40.780751,-73.977182
40.623632,-74.093323
40.628923,-74.137947
40.631697,-74.165016
40.608389,-74.093684
40.596828,-74.077837
40.559668,-74.12241
40.510723,-74.24194
40.551191,-74.148893
40.531767,-74.218779
40.632943,-74.118669
40.605245,-74.179485
40.545163,-74.174692
40.564393,-74.146836
40.591006,-74.150741
40.819329,-73.920355
40.838729,-73.921605
40.852728,-73.912455
40.807129,-73.918405
40.815029,-73.908355
40.830529,-73.908655
40.846129,-73.898255
40.864728,-73.889855
40.825629,-73.893605
40.841829,-73.879004
40.845279,-73.843103
40.842729,-73.854703
40.879528,-73.904355
40.863028,-73.799802
40.826879,-73.825153
40.859878,-73.841003
40.876328,-73.870404
40.870978,-73.900505
40.869978,-73.844903
40.87143,-73.862303
40.899178,-73.898677
40.829529,-73.865704
40.816229,-73.860304
40.813929,-73.884104
40.874878,-73.827653
40.851549,-73.840908
41.293169,-73.759033
41.015096,-73.841478
41.025947,-73.87185
41.075185,-73.761247
41.33431,-73.749244
41.123741,-73.718481
41.229037,-73.697998
41.415979,-73.725197
41.05978,-73.829802
41.259961,-73.943495
41.429571,-73.777626
41.078957,-73.775547
41.455213,-73.812479
41.300561,-73.861217
41.269896,-73.612074
41.347727,-73.661014
41.122622,-73.867258
41.234256,-73.926165
41.011147,-73.865178
41.058732,-73.836784
41.375016,-73.931844
41.300361,-73.647891
41.323246,-73.757911
40.979118,-73.723036
41.019105,-73.812077
41.013742,-73.835421
41.079553,-73.856051
41.338568,-73.735548
41.271614,-73.687334
41.394819,-73.718016
41.090197,-73.755284
41.333398,-73.724257
41.412395,-73.752059
41.372581,-73.760132
40.949199,-73.738779
41.119008,-73.732996
41.201373,-73.796456
41.281975,-73.797555
41.25126,-73.942877
41.197329,-73.72286
40.909838,-73.83389
41.119008,-73.732996
41.011586,-73.798391
40.909449,-73.822109
41.119008,-73.732996
41.119008,-73.732996
41.119008,-73.732996
41.331814,-73.608451
41.109701,-73.827995
41.28383,-73.893116
41.284044,-73.893116
41.131069,-73.792214
41.119008,-73.732996
41.119008,-73.732996
41.022193,-73.679799
41.208519,-73.568126
41.002757,-73.751025
41.315779,-73.645145
41.399262,-73.776871
40.955237,-73.744725
41.119008,-73.732996
40.992686,-73.799476
41.328737,-73.742268
41.330892,-73.823549
41.326544,-73.693685
41.254331,-73.542714
41.089703,-73.844034
41.119008,-73.732996
41.117214,-73.771469
41.090218,-73.784768
41.254823,-73.958727
41.297198,-73.597979
41.287329,-73.790284
41.031397,-73.769626
41.119008,-73.732996
41.048958,-73.783036
41.156215,-73.805176
41.007597,-73.748575
41.021686,-73.766044
41.039235,-73.807293
41.119008,-73.732996
41.119008,-73.732996
41.119008,-73.732996
41.119008,-73.732996
41.013696,-73.705975
40.946107,-73.866926
41.119008,-73.732996
40.959347,-73.881329
40.922938,-73.861941
40.926538,-73.872529
40.987797,-73.862969
40.960498,-73.816127
40.938448,-73.829978
40.956098,-73.812177
40.967946,-73.84736
41.035123,-73.801401
40.948274,-73.795361
40.904538,-73.806277
40.951498,-73.786526
40.899599,-73.780976
41.137295,-74.105737
41.386195,-74.125718
41.160945,-74.060826
41.387822,-74.354699
41.068782,-73.957282
41.464867,-74.255646
41.555634,-74.328805
41.443168,-74.258172
41.329224,-74.121764
41.414188,-74.348151
41.53156,-74.370569
41.152545,-73.936305
41.319956,-74.36699
41.334557,-73.99175
41.203984,-74.003167
41.357428,-74.210608
41.297325,-74.26484
41.300486,-74.124934
41.191694,-73.964933
41.398883,-74.255846
41.372924,-74.245108
41.120195,-74.170639
41.485227,-74.484249
41.365286,-74.510918
41.390109,-74.340401
41.370586,-74.354017
41.387822,-74.354699
41.3,-74.19
41.343092,-74.316824
41.118595,-74.084536
41.409284,-74.083045
41.097716,-74.010934
41.149494,-73.98827
41.375634,-74.43375
41.387822,-74.354699
41.080474,-73.930179
41.057496,-73.953181
41.401702,-74.536702
41.008947,-73.92093
41.061476,-74.018283
41.040946,-73.918205
41.325856,-74.488954
41.18416,-74.045358
41.386099,-74.480395
41.157473,-74.200784
41.332379,-74.113857
41.083784,-74.061335
41.115833,-74.047384
41.182344,-74.318354
41.235675,-74.028095
41.323172,-74.288565
41.160945,-74.060826
41.027646,-73.948404
41.206898,-74.015411
41.574986,-74.322534
41.265953,-73.982912
41.28142,-74.204924
41.314931,-74.550346
41.122868,-73.934844
41.350681,-74.32116
41.407974,-74.345433
41.208044,-73.975833
41.100622,-73.970482
41.160945,-74.060826
41.36471,-73.998375
41.387822,-74.354699
41.331044,-74.456673
40.720051,-73.706783
40.754757,-73.601772
40.697558,-73.704946
40.745263,-73.711159
40.757057,-73.7182
40.700101,-73.674074
40.754757,-73.601772
40.754757,-73.601772
40.754757,-73.601772
40.754757,-73.601772
40.754757,-73.601772
40.754757,-73.601772
40.754757,-73.601772
40.754757,-73.601772
40.754757,-73.601772
40.729351,-73.682824
40.754757,-73.601772
40.754757,-73.601772
40.754757,-73.601772
40.754757,-73.601772
40.754757,-73.601772
40.754757,-73.601772
40.754757,-73.601772
40.754757,-73.601772
40.754757,-73.601772
40.754757,-73.601772
40.620492,-73.747376
40.754757,-73.601772
40.744622,-73.934502
40.770808,-73.92516
40.761884,-73.911642
40.742794,-73.918216
40.776468,-73.908761
40.760601,-73.930984
40.651378,-73.870779
40.651378,-73.870779
40.694481,-73.989319
40.645099,-73.945032
40.663551,-73.949389
40.603838,-73.987635
40.682507,-73.936274
40.700453,-73.949255
40.670925,-73.895216
40.662195,-73.912945
40.622459,-74.028749
40.625468,-73.945521
40.707789,-73.945344
40.663845,-73.916406
40.67317,-73.936055
40.599523,-73.998594
40.664322,-73.984132
40.680474,-73.946829
40.684948,-73.980613
40.64434,-73.978411
40.633157,-73.996953
40.634873,-74.016905
40.700418,-73.936764
40.728388,-73.945754
40.633801,-73.954405
40.635444,-73.968536
40.661096,-73.952295
40.644962,-73.956304
40.624552,-73.989853
40.600988,-73.939998
40.62251,-73.966109
40.676521,-74.003322
40.671186,-73.971708
40.682088,-73.920638
40.610947,-73.913892
40.584455,-73.948402
40.65701,-73.91581
40.702192,-73.91807
40.680593,-73.963928
40.649207,-73.876754
40.645099,-73.945032
40.645099,-73.945032
40.645099,-73.945032
40.645099,-73.945032
40.645099,-73.945032
40.645099,-73.945032
40.645099,-73.945032
40.645099,-73.945032
40.645099,-73.945032
40.645099,-73.945032
40.645099,-73.945032
40.645099,-73.945032
40.645099,-73.945032
40.645099,-73.945032
40.781703,-73.831698
40.651378,-73.870779
40.766382,-73.82619
40.750317,-73.813903
40.784369,-73.843641
40.786173,-73.819069
40.760426,-73.795788
40.79278,-73.776701
40.756745,-73.803301
40.764438,-73.773026
40.758364,-73.735759
40.771467,-73.745323
40.742772,-73.758831
40.738884,-73.790067
40.727277,-73.790772
40.730164,-73.821997
40.748751,-73.854333
40.762741,-73.869969
40.763771,-73.891451
40.7712,-73.867514
40.751146,-73.882508
40.73509,-73.877562
40.722861,-73.862069
40.723041,-73.843688
40.748372,-73.905445
40.722848,-73.908413
40.71924,-73.892791
40.651378,-73.870779
40.651378,-73.870779
40.702404,-73.885979
40.651378,-73.870779
40.651378,-73.870779
40.651378,-73.870779
40.685535,-73.737064
40.695829,-73.761747
40.664542,-73.755926
40.658825,-73.84382
40.707133,-73.829247
40.684546,-73.850708
40.675056,-73.844315
40.698566,-73.83127
40.686769,-73.822979
40.674432,-73.819013
40.691917,-73.85666
40.659418,-73.736866
40.716888,-73.766897
40.651378,-73.870779
40.651378,-73.870779
40.736798,-73.723176
40.729293,-73.749811
40.720639,-73.742099
40.710076,-73.740151
40.655246,-73.797769
40.686903,-73.850143
40.714531,-73.794435
40.696533,-73.786776
40.674583,-73.78156
40.700229,-73.797278
40.675283,-73.800696
40.722008,-73.790822
40.651378,-73.870779
40.651378,-73.870779
40.651378,-73.870779
40.735901,-73.638061
40.754757,-73.601772
40.588854,-73.72709
40.654626,-73.608972
40.74435,-73.608422
40.626453,-73.725825
40.640387,-73.668224
40.651251,-73.585222
40.726801,-73.639723
40.754757,-73.601772
40.754757,-73.601772
40.754757,-73.601772
40.754757,-73.601772
40.754757,-73.601772
40.754757,-73.601772
40.754757,-73.601772
40.754757,-73.601772
40.700201,-73.620872
40.754757,-73.601772
40.690251,-73.653023
40.705868,-73.591421
40.72135,-73.55877
40.754757,-73.601772
40.754757,-73.601772
40.638803,-73.693274
40.606953,-73.654724
40.615435,-73.72642
40.754757,-73.601772
40.589139,-73.642323
40.657602,-73.672574
40.754757,-73.601772
40.674652,-73.673324
40.668501,-73.553628
40.754757,-73.601772
40.590503,-73.580822
40.667352,-73.638523
40.754757,-73.601772
40.635252,-73.636923
40.680451,-73.590071
40.656802,-73.622523
40.754757,-73.601772
40.754757,-73.601772
40.676052,-73.697828
40.652253,-73.711775
40.754757,-73.601772
40.754757,-73.601772
40.754757,-73.601772
40.74505,-73.571521
40.621753,-73.632673
40.754757,-73.601772
40.754757,-73.601772
40.754757,-73.601772
40.754757,-73.601772
40.754757,-73.601772
40.633103,-73.712025
40.607574,-73.742691
40.651378,-73.870779
40.601475,-73.76191
40.5923,-73.793273
40.59846,-73.81427
40.57661,-73.84276
40.651378,-73.870779
40.559365,-73.906713
40.686249,-73.411866
40.66415,-73.340984
40.732348,-73.325363
40.709098,-73.356164
40.748364,-73.057026
40.705138,-73.243004
40.922326,-72.637078
40.922326,-72.637078
40.754757,-73.601772
40.6729,-73.53652
40.922326,-72.637078
40.728449,-73.495369
40.75673,-73.043481
40.76902,-73.113366
40.780882,-73.250336
40.715424,-73.260912
40.922326,-72.637078
40.922326,-72.637078
40.893197,-73.370462
40.78193,-73.196148
40.860098,-73.442315
40.842247,-73.280935
40.68022,-73.394762
40.922326,-72.637078
40.762574,-73.323061
40.724146,-73.175926
40.856997,-73.314561
40.754757,-73.601772
40.922326,-72.637078
40.754757,-73.601772
40.754757,-73.601772
40.754757,-73.601772
40.922326,-72.637078
40.922326,-72.637078
40.866948,-73.362512
40.78791,-73.066689
40.798994,-73.048985
40.867647,-73.410218
40.922326,-72.637078
40.814348,-73.363363
40.787248,-73.405573
40.922326,-72.637078
40.922326,-72.637078
40.72813,-73.217871
40.757226,-73.182854
40.754757,-73.601772
40.80323,-73.30485
40.85185,-73.129003
40.7228,-73.515819
40.688799,-73.376475
40.754757,-73.601772
40.810246,-73.191789
40.754757,-73.601772
40.922326,-72.637078
40.922326,-72.637078
40.754757,-73.601772
40.922326,-72.637078
40.846678,-73.146763
40.914289,-73.33268
40.738322,-73.131797
40.644344,-73.161286
40.754757,-73.601772
40.922326,-72.637078
40.754757,-73.601772
40.754757,-73.601772
40.922326,-72.637078
40.922326,-72.637078
40.922326,-72.637078
40.922326,-72.637078
40.808322,-73.130469
40.889314,-73.174435
40.745866,-73.085858
40.683897,-73.496169
40.922326,-72.637078
40.922326,-72.637078
40.856793,-73.208278
40.819074,-73.2122
40.922326,-72.637078
40.90129,-73.182803
40.754757,-73.601772
40.922326,-72.637078
40.67815,-73.509519
40.922326,-72.637078
40.699825,-73.290905
40.732304,-73.10002
40.754757,-73.601772
40.73417,-73.351354
40.754757,-73.601772
40.754757,-73.601772
40.754757,-73.601772
40.754757,-73.601772
40.922326,-72.637078
40.754757,-73.601772
40.754757,-73.601772
40.754757,-73.601772
40.754757,-73.601772
40.754757,-73.601772
40.922326,-72.637078
40.922326,-72.637078
40.922326,-72.637078
40.922326,-72.637078
40.922326,-72.637078
40.922326,-72.637078
40.922326,-72.637078
40.922326,-72.637078
40.922326,-72.637078
40.922326,-72.637078
40.922326,-72.637078
40.922326,-72.637078
40.922326,-72.637078
40.922326,-72.637078
40.922326,-72.637078
40.922326,-72.637078
40.922326,-72.637078
40.922326,-72.637078
40.922326,-72.637078
40.922326,-72.637078
40.922326,-72.637078
40.922326,-72.637078
40.922326,-72.637078
40.922326,-72.637078
40.922326,-72.637078
40.922326,-72.637078
40.922326,-72.637078
40.922326,-72.637078
40.922326,-72.637078
40.922326,-72.637078
40.922326,-72.637078
40.922326,-72.637078
40.922326,-72.637078
40.922326,-72.637078
40.922326,-72.637078
40.922326,-72.637078
40.922326,-72.637078
40.922326,-72.637078
40.922326,-72.637078
40.922326,-72.637078
40.922326,-72.637078
40.922326,-72.637078
40.922326,-72.637078
40.922326,-72.637078
40.922326,-72.637078
42.482455,-73.936671
42.859176,-73.902117
42.688731,-74.030596
42.906298,-74.229042
42.28004,-73.837035
42.910206,-74.423606
42.309805,-73.565617
42.670645,-73.55142
42.934416,-73.848971
42.983588,-73.882538
42.67051,-73.357825
42.602236,-74.154615
42.494981,-73.510676
43.082793,-74.160753
42.923676,-73.911768
42.851332,-73.454055
42.357057,-73.448944
42.592287,-74.438129
43.15566,-74.494888
42.589158,-73.565925
42.721081,-74.382064
42.541025,-74.655395
42.335777,-73.528651
42.646742,-73.371611
42.561988,-73.957345
42.411207,-73.927573
42.665376,-74.51884
42.475704,-73.797722
42.492791,-73.928403
42.647039,-73.739349
42.317154,-73.748555
42.355924,-73.847967
42.670318,-73.549377
42.77788,-74.197936
42.605467,-73.8757
42.614852,-73.970812
42.770065,-74.085963
42.980783,-73.352206
42.352969,-73.905306
42.618248,-74.028108
42.419964,-73.512815
42.570352,-73.655682
42.537218,-73.503877
42.563685,-73.627428
42.632058,-74.667368
42.850576,-73.792524
42.801547,-74.342884
42.555446,-73.913714
42.940975,-74.391459
42.945701,-74.263312
42.969738,-74.292476
42.592287,-74.438129
42.877533,-74.404477
42.592287,-74.438129
43.082925,-74.043981
42.366064,-73.589731
42.411096,-74.427506
42.595704,-73.787766
43.114958,-74.344328
42.772624,-73.446834
42.382594,-73.951259
42.703519,-73.960324
42.694777,-73.905271
42.969505,-74.155559
42.411114,-73.881515
42.866666,-73.318113
42.73531,-73.437943
42.712176,-74.349066
42.458932,-74.580562
42.879946,-73.48684
43.090543,-74.355438
42.385231,-73.704442
42.660046,-74.116812
43.667618,-74.456913
42.752928,-73.779714
42.614852,-73.970812
42.473718,-73.56733
42.551473,-74.913829
43.132167,-74.248494
43.033189,-73.897322
42.478906,-74.147178
42.712948,-73.601722
42.560533,-74.295505
42.565736,-73.629023
42.444198,-73.788241
42.466748,-73.567189
42.724978,-73.764296
42.439983,-73.666343
42.592287,-74.438129
42.466061,-73.629296
42.926121,-73.346409
43.176121,-74.248627
42.434992,-73.561172
42.838578,-74.131734
42.685947,-73.390627
43.428386,-74.526485
42.686757,-73.527434
42.731771,-74.185395
42.493642,-73.858352
42.621627,-73.596089
42.500258,-74.160591
42.841619,-73.847016
42.609418,-74.594655
42.869961,-74.050083
42.924726,-73.785914
42.635503,-73.479705
42.904445,-73.615618
42.605453,-74.820584
42.491469,-73.723935
42.655569,-74.337322
42.529746,-73.840579
42.644278,-73.876338
42.756876,-74.317361
42.521038,-73.851898
43.667618,-74.456913
42.331057,-73.529774
42.842006,-74.446
42.413508,-74.61939
42.63593,-73.408789
42.585511,-73.415444
43.001932,-73.660897
42.285749,-73.733532
42.399271,-73.622327
42.343986,-73.73477
42.535029,-74.54525
42.385117,-73.958671
42.95002,-74.296985
42.71144,-73.525561
42.673701,-73.608792
42.738678,-73.673862
42.685792,-73.652374
42.745994,-73.694263
42.398503,-73.626548
42.856307,-73.500679
42.620654,-73.980441
42.592287,-74.438129
42.845579,-73.702433
42.736277,-73.720318
43.667618,-74.456913
42.397703,-73.834836
42.521722,-74.03961
42.572934,-74.514163
42.479384,-73.474809
42.603715,-73.561566
42.606993,-74.732401
42.676167,-73.606194
42.614852,-73.970812
42.636371,-73.763564
42.700345,-73.857496
42.682978,-73.770714
42.719799,-73.820666
42.675779,-73.793065
42.656029,-73.750764
42.654658,-73.805866
42.677953,-73.91019
42.683079,-73.758115
42.712973,-73.773868
42.716774,-73.810373
42.614852,-73.970812
42.614852,-73.970812
42.692909,-73.838035
42.614852,-73.970812
42.614852,-73.970812
42.614852,-73.970812
42.614852,-73.970812
42.614852,-73.970812
42.614852,-73.970812
42.614852,-73.970812
42.614852,-73.970812
42.614852,-73.970812
42.614852,-73.970812
42.614852,-73.970812
42.614852,-73.970812
42.614852,-73.970812
42.614852,-73.970812
42.614852,-73.970812
42.614852,-73.970812
42.614852,-73.970812
42.614852,-73.970812
42.614852,-73.970812
42.614852,-73.970812
42.614852,-73.970812
42.614852,-73.970812
42.614852,-73.970812
42.647079,-73.750314
42.614852,-73.970812
42.614852,-73.970812
42.614852,-73.970812
42.614852,-73.970812
42.614852,-73.970812
42.614852,-73.970812
42.614852,-73.970812
42.614852,-73.970812
42.614852,-73.970812
42.614852,-73.970812
42.614852,-73.970812
42.614852,-73.970812
42.833261,-74.058015
42.880035,-73.991321
42.782276,-73.944818
42.788176,-73.899917
42.812776,-73.943368
42.816438,-74.052713
42.805376,-73.934868
42.835926,-73.920467
42.809077,-73.869316
42.833261,-74.058015
42.833261,-74.058015
41.96973,-74.06678
41.878801,-74.345684
41.949147,-74.130688
42.315975,-74.065515
42.141725,-74.572054
42.332859,-74.367866
42.054666,-74.192451
42.073965,-74.453033
41.875232,-74.043557
41.998413,-74.265437
42.301789,-74.029434
42.258459,-74.021968
42.095023,-74.271661
41.907604,-73.989254
42.368277,-74.179384
41.856903,-74.111235
41.669831,-74.380138
42.235727,-74.56969
42.307188,-74.200237
42.377483,-74.123477
42.28041,-74.15549
42.169082,-74.12958
41.897181,-74.253996
41.816228,-73.992565
42.177175,-74.547279
42.336112,-74.024147
41.949795,-74.003246
42.008413,-74.147995
42.320684,-74.459223
41.727613,-74.515647
42.19551,-74.102319
42.183045,-74.925617
42.293905,-74.185279
41.872233,-74.146678
41.878801,-74.345684
42.233275,-74.241582
41.853723,-74.115476
42.264524,-74.295888
41.884748,-74.232063
42.083209,-74.191963
41.883711,-74.182479
42.208809,-74.163793
42.304064,-73.930812
42.223407,-74.386635
42.098698,-73.935418
42.282466,-74.160193
42.185189,-74.617819
42.037136,-73.992829
41.8743,-74.168979
41.80137,-74.420108
42.20943,-74.683726
42.409721,-74.192105
41.875001,-74.273362
42.197886,-74.00995
42.019668,-74.228732
42.136293,-74.473639
41.894812,-73.976653
42.286917,-74.385762
42.464687,-74.213992
42.282915,-74.018409
41.840304,-74.030611
41.873367,-74.074621
42.276462,-74.044432
42.295703,-74.563088
42.017632,-74.007868
41.996982,-74.202816
41.911181,-74.407894
41.970903,-74.218443
42.267617,-73.986354
41.663895,-74.424533
41.846274,-74.20731
42.195922,-74.137242
41.837953,-74.232241
41.857076,-74.017907
41.760604,-74.353531
42.108689,-73.934577
41.983752,-74.124371
42.206787,-74.375508
41.795276,-73.980908
41.972572,-74.267623
42.046885,-74.203575
42.320273,-74.231589
41.883076,-74.169764
41.826491,-73.710901
42.067399,-73.657698
42.043039,-73.587575
42.035434,-73.909234
41.759905,-73.743714
42.000547,-73.919899
41.712677,-73.773082
41.759905,-73.743714
41.759905,-73.743714
41.552793,-73.968183
42.206862,-73.694642
41.867364,-73.777256
41.682335,-74.05799
42.099322,-73.576102
42.130934,-73.548337
41.348593,-74.135167
41.431474,-74.132883
42.190488,-73.64465
41.800316,-73.687324
42.119528,-73.697297
41.61898,-73.847308
41.677151,-74.17387
42.121298,-73.792924
41.520249,-73.933259
41.720945,-74.009481
42.19327,-73.550028
42.210991,-73.687001
41.549045,-73.670325
41.748948,-73.766191
42.184313,-73.742997
41.582437,-73.936281
41.813468,-73.814913
41.633029,-73.743183
42.142068,-73.757399
41.612647,-74.002802
41.357625,-74.230587
42.259623,-73.667962
41.832012,-73.637175
41.93846,-73.546336
41.644832,-74.068056
41.672278,-74.103276
41.405901,-74.255717
41.38537,-74.185363
41.387822,-74.354699
41.387822,-74.354699
41.413667,-74.311974
41.387822,-74.354699
41.74638,-74.109241
41.485285,-73.595066
41.663759,-73.590491
42.250141,-73.659054
41.405485,-74.219343
41.952681,-73.63633
41.641207,-74.07805
41.825708,-73.783655
41.646389,-73.650107
41.808427,-73.786847
41.836548,-73.760423
41.915068,-73.95173
41.50755,-74.156394
41.437176,-74.121804
41.81246,-73.786647
41.881636,-73.72455
41.913511,-73.695442
41.554509,-73.72667
41.909683,-73.749214
41.464073,-74.059104
41.716145,-73.690109
41.406785,-74.26731
41.878801,-74.345684
41.631653,-74.154472
41.736948,-73.741141
41.802285,-73.560425
42.243991,-73.641076
41.672789,-73.584346
41.695839,-73.896164
41.759905,-73.743714
41.690707,-73.862074
41.759905,-73.743714
41.686944,-74.677156
41.486186,-74.915176
41.661466,-74.911474
41.63868,-74.721754
41.719016,-74.755373
41.775202,-75.01807
41.719016,-74.755373
41.899285,-74.58802
41.691959,-74.974074
41.719016,-74.755373
41.403723,-74.425265
41.517426,-74.845788
41.647052,-74.537252
41.734858,-74.734508
41.878194,-75.034258
41.547309,-74.820881
41.656753,-74.568565
41.450914,-74.601097
41.818383,-74.748053
41.839135,-75.05342
41.710156,-74.71536
41.531346,-74.849136
41.762944,-75.030592
41.437689,-74.640019
41.770283,-74.726066
41.782874,-74.905417
41.687384,-74.835807
41.729581,-74.961146
41.694655,-74.682731
41.758563,-74.946306
41.71994,-74.66934
41.818205,-74.802549
41.786516,-74.658843
41.871276,-75.076328
41.686123,-74.783554
41.80469,-74.696318
41.595908,-74.96233
41.865656,-74.60902
41.820897,-74.995771
41.719016,-74.755373
41.841414,-74.857261
41.651453,-74.436159
41.446322,-74.856932
41.357119,-74.498396
41.619506,-74.575902
41.819249,-74.951782
41.552911,-74.603366
41.661538,-74.817751
41.770195,-74.716843
41.376892,-74.459687
41.719016,-74.755373
41.881485,-74.430063
41.657319,-74.840778
41.714311,-74.584061
41.719016,-74.755373
41.64788,-74.811773
41.800193,-74.828611
41.810974,-74.729403
41.797345,-74.671013
41.592331,-74.552644
41.695449,-74.746874
41.591075,-74.749722
43.31888,-73.669061
43.283561,-73.629401
43.489472,-73.789563
43.708338,-73.794147
43.280711,-73.484828
43.59886,-73.943693
43.62422,-74.061201
43.667618,-74.456913
43.574329,-73.677564
43.677503,-73.773434
43.068526,-73.392229
43.522364,-73.794491
43.614194,-73.503056
43.47181,-73.639291
43.46144,-73.403287
43.241967,-73.890739
43.154262,-73.458063
43.560729,-73.755545
43.443936,-73.489198
43.371195,-73.434566
43.204261,-73.707415
43.369373,-73.331692
43.181214,-73.906293
43.212754,-73.434261
43.287589,-73.976958
43.730225,-73.543498
43.492705,-73.278904
43.354304,-73.404906
43.203596,-73.468589
43.646953,-73.508308
43.749928,-74.327593
43.58596,-73.916498
43.475353,-73.627156
43.518611,-73.875462
43.455598,-73.771547
43.953253,-74.440029
43.100123,-73.524554
43.442087,-73.290902
43.185956,-73.983737
44.214452,-73.787317
44.145678,-73.815204
43.622181,-73.922201
43.452517,-73.34095
43.970736,-73.721139
43.723665,-74.087329
44.145678,-73.815204
43.879451,-73.400254
43.20138,-73.891854
43.592829,-73.784407
43.743816,-73.422181
43.675377,-73.932509
43.061305,-73.92308
43.667618,-74.456913
43.225966,-73.348736
43.101145,-73.850623
43.841273,-73.759213
43.130211,-73.643205
44.145678,-73.815204
43.104587,-73.314179
43.693173,-73.505019
43.464398,-73.876364
44.145678,-73.815204
43.852071,-73.478024
43.088397,-73.591652
43.570457,-73.859928
43.631297,-73.936399
43.492815,-73.421536
44.71187,-73.637104
44.685411,-73.447398
44.865209,-73.577683
44.528081,-73.471946
44.711326,-73.648386
44.401213,-74.070277
44.674942,-74.444789
44.552725,-74.317958
44.87763,-74.489379
44.932057,-74.200948
44.686162,-73.670249
44.726056,-73.578285
44.932727,-74.068371
44.879906,-73.452578
44.287829,-74.702338
44.916842,-73.932053
44.706561,-73.744555
44.944145,-74.327316
44.228969,-74.858103
43.930616,-73.58854
44.847709,-73.582317
44.552725,-74.317958
44.145678,-73.815204
44.881962,-73.963279
44.892243,-73.907936
44.801467,-73.739157
44.273412,-73.377434
44.955977,-74.48674
44.552725,-74.317958
44.145678,-73.815204
44.145678,-73.815204
44.202397,-73.773111
44.343063,-73.436913
44.552725,-74.317958
44.130663,-73.734652
44.746861,-74.660413
44.145678,-73.815204
44.734587,-73.900452
44.859117,-74.288237
44.804316,-73.97299
44.12404,-73.491335
44.85688,-74.552321
44.792956,-73.661296
44.76292,-73.615749
44.041863,-73.505265
44.055155,-73.534677
44.617784,-73.605062
44.145678,-73.815204
44.726424,-74.678121
44.8532,-74.419121
44.761862,-74.680488
44.552725,-74.317958
44.552725,-74.317958
44.66607,-73.569167
44.234289,-74.555957
44.087072,-73.461308
44.526437,-73.409243
44.552725,-74.317958
44.145678,-73.815204
44.664956,-73.761204
44.864633,-73.626615
44.657819,-74.515511
44.624413,-73.809266
44.583429,-74.272104
44.570072,-73.678749
44.599971,-74.294012
44.145678,-73.815204
44.552725,-74.317958
44.827274,-73.513225
44.18783,-73.434541
44.805681,-74.252254
44.242261,-73.416202
44.145678,-73.815204
44.08267,-73.530601
42.823968,-76.062425
42.894381,-76.565683
43.163364,-76.509567
43.163364,-76.509567
42.755979,-76.646007
43.158531,-76.360147
43.310494,-76.135765
43.227448,-76.140648
43.165372,-75.993896
43.049756,-76.348012
43.005767,-75.798607
43.185529,-76.579082
42.924315,-76.676419
42.939422,-75.775568
43.330332,-76.17085
43.009985,-75.806194
43.125491,-76.154128
42.565932,-75.955301
43.119217,-76.131931
43.27637,-76.225752
43.042044,-75.740848
43.301232,-75.982593
42.614268,-76.120128
42.870698,-75.91128
42.776527,-75.859458
42.477712,-76.291224
43.14548,-75.559605
42.677155,-76.105201
43.096216,-76.047426
43.027813,-76.416612
42.841725,-75.744589
42.484352,-76.389023
42.855631,-75.976158
43.431311,-76.200448
42.822662,-76.80197
42.947789,-75.995518
42.49653,-76.372864
43.345255,-76.227027
42.673871,-76.526226
42.768124,-75.788393
42.579298,-76.392709
43.324451,-76.306549
43.338817,-76.189586
42.678012,-76.175275
42.966136,-76.057658
43.067413,-76.439657
42.876886,-76.631117
43.103886,-75.961597
43.642147,-76.029304
42.891099,-76.128862
42.706981,-76.156103
43.124866,-76.207867
43.02143,-76.197701
43.152767,-76.223459
42.659466,-76.410528
43.431311,-76.200448
42.597468,-76.072949
42.554215,-76.292723
43.339851,-76.096357
42.955618,-75.96654
43.457798,-76.153442
42.948057,-76.329799
42.8809,-76.291265
43.258337,-76.6292
43.098983,-76.413216
43.089111,-76.621747
43.398473,-76.204997
43.397671,-76.482365
43.076828,-76.006001
43.002267,-76.704722
42.737724,-76.407811
42.97446,-76.440833
42.951126,-76.179845
43.483379,-76.315044
42.825164,-75.85266
43.236407,-75.776918
42.479801,-75.622857
43.465388,-76.342172
42.712735,-75.731391
43.43397,-76.120904
43.296808,-76.229091
42.968619,-75.679351
43.33021,-76.260803
42.619466,-75.845544
43.157653,-76.44698
42.89274,-76.026459
42.742057,-76.628454
42.886349,-76.541321
42.739682,-76.157108
43.560497,-76.15532
43.238248,-76.752077
43.571095,-75.972208
43.621562,-76.11029
43.099386,-76.762705
42.770829,-76.586213
42.905264,-76.794921
42.884394,-76.285202
42.991112,-76.451147
43.134425,-76.765591
42.654768,-75.769855
43.341948,-76.665228
43.209147,-75.72307
42.696543,-75.98409
42.830037,-76.124357
42.847447,-76.649164
43.18852,-75.712551
43.078461,-75.701639
43.100588,-76.321678
42.892556,-76.882263
43.046493,-76.555316
43.346453,-76.229719
43.02143,-76.197701
43.043116,-76.150796
43.062016,-76.134145
43.055766,-76.177597
43.006816,-76.142495
43.076416,-76.109995
43.012216,-76.170596
43.074466,-76.145796
43.084666,-76.240549
43.031416,-76.110995
43.091916,-76.124645
43.122566,-76.128382
43.039666,-76.072153
42.972161,-76.227599
43.02143,-76.197701
43.02143,-76.197701
43.041703,-76.222898
43.123415,-76.12823
43.02143,-76.197701
43.038366,-76.099394
43.02143,-76.197701
43.03,-76.12
43.037716,-76.139646
43.02143,-76.197701
43.02143,-76.197701
43.050966,-76.156696
43.02143,-76.197701
43.02143,-76.197701
43.067576,-76.171351
43.419596,-75.224784
43.497512,-75.988154
43.364242,-75.468514
43.244356,-75.166319
43.818705,-75.480342
43.137703,-75.523266
43.23331,-75.294896
42.930711,-75.560937
43.818705,-75.480342
42.879227,-75.267172
42.954541,-75.616793
42.734593,-75.133065
43.285739,-75.626755
42.867146,-74.595636
42.921786,-75.255163
43.028469,-75.264008
42.768195,-74.759734
43.090027,-75.387088
42.961973,-75.233003
43.036697,-75.382414
43.271433,-75.04774
43.56647,-75.425289
42.714065,-74.890929
43.909848,-75.365264
42.983981,-75.422034
43.18486,-74.941747
43.816675,-74.886163
42.719674,-75.558861
42.793309,-74.837198
42.82982,-75.65364
42.711712,-75.246539
42.755679,-74.876761
43.500975,-75.153257
42.924806,-74.616883
43.039203,-75.118168
43.036069,-75.396214
42.63153,-75.186593
43.818705,-75.480342
43.818705,-75.480342
42.822667,-75.553153
42.690531,-75.063513
43.026867,-74.933404
43.328187,-75.117319
43.667618,-74.456913
43.273266,-75.301263
42.817286,-75.422764
43.013625,-74.958226
43.667618,-74.456913
42.964369,-74.881228
42.980334,-75.518569
43.328374,-75.520067
42.954541,-75.616793
43.078904,-74.864422
43.789296,-75.415599
43.621838,-75.365348
43.267243,-75.688223
42.898322,-75.549372
43.172019,-75.27371
43.818705,-75.480342
43.135209,-74.934473
43.029258,-75.011662
42.924089,-75.651484
42.972773,-75.600722
42.937863,-74.611711
42.631807,-75.385073
43.067369,-75.290911
42.590419,-75.195695
43.203313,-74.971893
43.100869,-75.29496
42.954541,-75.616793
43.752203,-74.873176
43.047755,-75.640944
43.056581,-75.38291
42.96965,-75.485421
43.562757,-75.996773
42.926617,-74.54472
43.232502,-75.07288
43.576823,-75.315816
43.305156,-75.150183
43.667618,-74.456913
43.577131,-75.829419
43.341666,-75.221046
42.84018,-74.97159
43.20886,-75.383365
43.164312,-75.511301
43.239274,-75.47796
43.239274,-75.47796
42.70804,-74.802488
42.975134,-74.657384
43.460951,-74.957099
42.916235,-75.35448
42.991124,-75.270758
42.775805,-75.048502
42.787077,-74.584971
42.648204,-75.455824
43.074349,-75.580839
42.672573,-75.593362
42.954541,-75.616793
42.83883,-74.85897
43.219369,-75.299112
43.190651,-74.650311
43.228682,-75.591423
43.460951,-74.957099
43.818705,-75.480342
42.893454,-74.836685
43.092924,-75.50161
43.141536,-75.530826
43.146502,-75.586218
43.053769,-75.271559
42.926167,-75.360922
42.704333,-75.184913
43.403751,-75.825528
42.854631,-75.660462
42.747058,-75.160928
43.339068,-75.341898
42.680906,-74.76529
43.44448,-75.543231
43.124769,-75.432867
42.909122,-75.12867
43.197827,-75.287643
43.427301,-75.880041
43.524904,-75.142771
43.102744,-75.321211
43.077369,-75.233208
43.150119,-75.192786
43.101869,-75.231158
43.136033,-75.432486
43.087169,-75.260259
43.239274,-75.47796
44.072542,-76.016589
44.032457,-75.754468
43.908739,-75.896719
43.960222,-75.905634
43.831853,-76.007188
44.074604,-75.840719
44.148052,-75.759103
43.778046,-76.125914
43.98871,-75.766746
44.788969,-74.879786
44.538648,-75.68666
44.057685,-76.019634
43.951428,-75.860442
44.574484,-75.059713
44.126469,-76.272585
44.068221,-75.920097
43.818705,-75.480342
44.845315,-75.047975
44.091892,-76.108527
44.440171,-75.757938
44.144238,-76.062002
44.421607,-75.105077
43.892324,-75.703596
43.818705,-75.480342
43.885519,-75.798319
44.462555,-75.30067
43.818705,-75.480342
44.139501,-76.061552
44.49891,-75.477156
44.014261,-76.08002
44.523528,-75.160038
43.75965,-76.152508
44.0981,-75.817097
44.01751,-75.755032
44.23896,-75.122756
44.321282,-76.017151
44.207681,-75.914556
44.550897,-75.237516
44.014698,-75.728357
44.533125,-75.192865
44.468,-75.359907
44.608735,-74.973218
43.818705,-75.480342
44.921678,-74.706763
43.812653,-76.208109
43.870842,-76.180886
44.549025,-75.204351
44.616648,-75.185085
44.980232,-74.647334
44.200392,-75.984109
44.035703,-76.090424
44.516168,-75.21642
43.75037,-75.899974
44.770682,-75.019312
43.727352,-76.090851
44.57026,-75.152249
44.555889,-75.655877
44.054012,-75.514487
44.533125,-75.192865
44.855075,-74.942946
44.53517,-75.099289
44.509143,-75.249795
44.216681,-75.084323
44.308475,-75.66879
44.544283,-74.780387
44.116323,-75.719346
43.73345,-76.054313
44.283403,-75.857026
44.539717,-75.142415
44.673438,-75.082041
44.828685,-74.979811
44.327083,-75.80354
44.452668,-75.342977
44.439964,-75.377707
43.856677,-75.907485
44.533125,-75.192865
44.382351,-75.104276
43.872933,-76.092563
44.64472,-74.879155
43.951666,-75.767772
44.174001,-74.991929
44.220448,-75.767059
44.289833,-76.02621
44.029787,-76.222374
44.550617,-75.194099
44.140791,-74.912493
44.69563,-74.89998
44.642889,-74.840761
44.496564,-75.072951
42.255147,-75.533335
42.12923,-74.843187
42.049798,-76.181009
42.295949,-75.507589
42.12518,-76.405626
42.294616,-76.198223
42.080494,-76.097288
42.567313,-76.123795
42.340298,-74.874437
42.183045,-74.925617
42.226448,-76.309863
42.243783,-75.90689
42.173775,-75.872839
42.277777,-75.846246
42.505122,-74.982056
42.108659,-75.809834
42.206745,-75.74488
42.444889,-74.840217
42.424859,-74.900195
42.220641,-74.916308
42.293718,-74.920671
42.097004,-75.713691
42.035768,-74.900852
42.003935,-75.122615
42.350091,-74.977712
42.583518,-75.721931
42.150588,-76.055064
42.206745,-75.74488
42.206745,-75.74488
42.206745,-75.74488
42.183045,-74.925617
42.32887,-75.136628
42.458584,-75.311836
42.244157,-75.989275
42.34013,-75.734191
42.365134,-75.611685
42.192781,-75.012689
42.115853,-75.028814
42.431068,-76.159312
42.183045,-74.925617
42.186306,-75.67618
42.380427,-74.711604
42.159206,-75.930931
42.402816,-76.036582
42.056172,-75.788126
42.555454,-75.135511
42.339355,-76.045026
42.49712,-75.731309
42.253754,-76.046399
42.497925,-76.047429
42.183045,-74.925617
42.183045,-74.925617
42.601799,-74.975717
42.531661,-75.131023
42.400281,-75.451576
42.610748,-75.102602
42.170428,-76.213825
42.039954,-76.370793
42.147454,-75.55656
42.603574,-75.528221
42.536226,-75.601779
42.461688,-75.096727
42.441165,-75.148268
42.112127,-75.639586
42.176816,-76.2568
42.437881,-75.567327
42.568979,-75.654133
42.195785,-75.759054
42.539439,-74.966985
42.371552,-76.197488
42.183045,-74.925617
42.308884,-75.391644
42.217118,-75.232488
42.039512,-76.400376
42.461525,-75.632735
42.183045,-74.925617
42.542579,-75.412243
42.624833,-75.652767
42.065842,-76.381946
42.380509,-75.059702
42.183045,-74.925617
42.214705,-75.727699
42.382962,-75.292321
42.055476,-76.027088
42.206745,-75.74488
42.250118,-75.125556
42.379383,-75.264556
42.183045,-74.925617
42.501093,-75.140874
42.321825,-75.945183
42.449946,-75.924813
42.186744,-76.348074
42.069103,-75.644078
42.165629,-75.890685
42.105375,-75.8876
42.083005,-75.923248
42.131088,-75.787801
42.173709,-75.922159
43.013808,-78.525296
42.998052,-78.184813
42.872937,-78.528446
42.917622,-78.264873
42.823386,-78.858355
43.291696,-78.626944
42.597171,-78.37463
42.768413,-78.887094
42.699424,-78.287793
43.327031,-78.534963
43.077884,-78.394594
42.980544,-78.231764
42.998052,-78.184813
42.590046,-78.246616
42.625391,-78.726767
42.941008,-78.688009
42.57075,-79.030785
43.313814,-78.736907
42.474283,-78.247413
42.560669,-78.522178
42.992968,-78.601269
42.937314,-78.593381
42.646441,-78.666272
42.668773,-78.816333
42.49064,-78.849861
42.978522,-78.372338
42.807705,-78.446855
42.947259,-78.474444
42.837456,-78.1719
42.895989,-78.385667
42.408583,-78.984391
42.473934,-78.494065
42.898958,-78.707872
42.683522,-78.995736
42.487716,-79.328287
43.042907,-78.698796
42.768209,-78.577136
42.917037,-78.126525
42.559423,-78.621851
42.991173,-78.312171
42.641429,-78.875456
43.088434,-78.16261
42.828309,-78.628966
42.445698,-78.341227
42.594627,-79.08404
42.441146,-79.172343
42.412217,-79.319254
42.475344,-78.370334
42.629014,-78.19448
43.208166,-78.56623
43.026737,-78.762454
42.610187,-78.639976
42.41994,-78.954628
43.015256,-78.958945
42.729083,-78.837596
42.640179,-78.543738
42.543516,-79.101301
42.65161,-78.387099
42.675193,-78.436442
42.716055,-78.929357
42.907658,-78.632137
42.54386,-78.94475
43.170805,-78.989515
43.168463,-78.706886
43.32684,-78.830681
43.324031,-78.367151
42.38917,-78.554217
42.851099,-78.547172
43.239442,-78.359871
43.196947,-78.502849
43.32684,-78.830681
43.271156,-78.724806
43.32684,-78.830681
42.768413,-78.887094
42.583165,-78.91888
42.691742,-78.992658
42.656199,-78.340092
43.179206,-78.808908
43.087438,-78.269677
43.330443,-78.726661
42.742541,-78.704437
42.472671,-79.007621
42.543108,-78.153849
43.233055,-78.906562
43.153105,-78.885611
42.489129,-78.366991
42.532281,-78.517233
42.488983,-79.238997
42.520038,-79.207843
42.374077,-78.94643
42.716759,-78.543478
42.807159,-78.667599
42.538335,-78.685169
42.975195,-78.069868
43.199494,-79.042477
42.733778,-78.423303
42.99704,-78.878659
42.768413,-78.887094
42.4511,-79.415421
42.738977,-78.312478
42.509271,-78.999471
42.767333,-78.585646
42.702797,-78.670098
42.406409,-78.639581
43.272729,-78.83101
42.524691,-78.475474
43.244454,-78.988325
42.929303,-78.832706
42.889662,-78.884157
42.868057,-78.867906
42.882957,-78.864898
42.768413,-78.887094
42.881012,-78.814555
42.949557,-78.897009
42.916107,-78.858157
42.918107,-78.865857
42.863608,-78.825755
42.912257,-78.819005
42.894558,-78.818805
42.918057,-78.891108
42.940107,-78.835256
42.932957,-78.812252
42.946407,-78.860407
42.900044,-78.808205
42.814558,-78.807754
42.786308,-78.826444
42.845908,-78.823005
42.968507,-78.749153
42.918207,-78.875007
42.974607,-78.850507
42.837128,-78.748352
42.925458,-78.748145
42.974389,-78.794905
42.885308,-78.746202
43.026016,-78.766073
42.768413,-78.887094
42.768413,-78.887094
42.768413,-78.887094
42.938258,-78.744053
42.768413,-78.887094
42.768413,-78.887094
42.768413,-78.887094
42.885568,-78.873479
42.768413,-78.887094
42.768413,-78.887094
42.768413,-78.887094
42.768413,-78.887094
42.768413,-78.887094
42.75495,-78.784908
42.768413,-78.887094
42.768413,-78.887094
43.089805,-79.009414
43.32684,-78.830681
43.086455,-79.037965
43.100305,-78.952112
43.117255,-79.018415
43.195261,-77.855883
43.235143,-78.194251
43.222735,-76.982149
42.895631,-77.735104
42.754115,-77.026379
43.073792,-78.019684
42.622634,-77.227187
43.223303,-77.917335
43.073142,-78.056938
42.935329,-77.838998
42.813576,-77.289687
42.958041,-77.308256
42.62674,-78.059147
43.074911,-77.835003
43.381027,-78.231338
43.286024,-77.684264
42.962932,-77.150097
43.097869,-76.872736
42.723231,-77.668291
42.61837,-77.737515
42.722446,-76.963823
42.900966,-77.42331
43.113563,-77.482538
43.235369,-77.137642
43.104287,-77.428964
43.381027,-78.231338
43.010908,-77.47054
42.783801,-77.777872
42.857414,-77.034883
42.808127,-77.287611
42.694819,-77.754628
42.796578,-77.063876
43.321659,-77.925097
42.78481,-77.618049
43.058863,-77.558902
43.28521,-77.832333
42.869556,-77.465843
43.21586,-78.073057
42.755573,-77.491905
42.982513,-77.606771
42.935868,-77.498231
43.324058,-78.049928
43.330763,-78.123328
42.570794,-77.12259
43.241502,-78.318828
42.837288,-77.703091
42.760644,-77.90355
42.95619,-77.989988
42.889864,-77.608688
42.915297,-77.949818
42.809457,-77.650938
42.729839,-77.773919
43.099263,-76.970937
43.110807,-77.31345
42.968903,-77.233194
43.15594,-77.172684
43.001323,-77.504268
42.686845,-77.262987
43.381027,-78.231338
42.683466,-77.866402
43.002612,-77.86458
42.667802,-77.413496
43.087067,-77.097867
43.085778,-77.805628
43.257819,-77.735079
43.195842,-76.908805
42.591883,-77.894474
42.931873,-77.011839
43.221476,-77.308614
43.348369,-77.045288
42.689791,-76.794102
43.081306,-77.218849
42.910203,-78.026899
43.145813,-77.454446
42.637423,-77.069925
42.535363,-77.628857
42.682391,-78.056235
42.963394,-77.043612
42.843464,-77.896153
43.060229,-77.520692
42.555988,-78.098906
43.033002,-77.157465
43.283582,-77.142027
42.834327,-77.877876
42.749713,-76.844921
43.144795,-76.860779
42.996613,-77.666524
42.734157,-77.242693
42.652111,-77.710539
43.04471,-77.772652
42.808127,-77.287611
42.978834,-77.252696
42.692874,-78.022364
42.674209,-78.084485
43.210384,-77.053517
43.254644,-76.983518
42.729839,-77.773919
43.041606,-78.057252
42.855409,-77.687643
43.185709,-77.830577
42.635525,-77.594478
42.83336,-77.129398
43.348369,-77.045288
42.973715,-77.426906
43.142795,-77.287414
42.740223,-78.164804
43.328706,-78.238501
42.516793,-77.564247
43.21821,-77.454075
42.905459,-77.548423
43.041553,-77.683575
42.683451,-76.872442
43.23941,-77.163811
43.224693,-76.840547
42.818578,-78.102549
42.875685,-77.883511
43.286024,-77.684264
43.286024,-77.684264
43.161613,-77.606774
43.156612,-77.604023
43.166313,-77.602973
43.173612,-77.691577
43.152013,-77.584888
43.154611,-77.624001
43.198197,-77.549971
43.140163,-77.557871
43.140163,-77.650275
43.257111,-77.67824
43.13378,-77.519325
43.104463,-77.512569
43.22252,-77.552021
43.228955,-77.680927
43.207062,-77.609425
43.112163,-77.561771
43.135688,-77.649126
43.129862,-77.618523
43.149013,-77.631124
43.199613,-77.595823
43.082184,-77.649074
43.121612,-77.731127
43.152213,-77.505705
43.190312,-77.720018
43.127513,-77.627674
43.286024,-77.684264
43.286024,-77.684264
43.286024,-77.684264
43.286024,-77.684264
43.286024,-77.684264
43.286024,-77.684264
43.286024,-77.684264
43.286024,-77.684264
43.286024,-77.684264
43.286024,-77.684264
43.286024,-77.684264
43.286024,-77.684264
43.286024,-77.684264
43.286024,-77.684264
43.286024,-77.684264
43.286024,-77.684264
43.286024,-77.684264
43.286024,-77.684264
43.286024,-77.684264
42.196125,-79.432256
42.081657,-79.294921
42.342529,-79.41091
42.342529,-79.41091
42.116168,-78.516218
42.073739,-78.059374
42.025431,-78.084837
42.217609,-78.090559
42.084481,-79.391738
42.320366,-78.12964
42.164572,-79.445292
42.290569,-78.237314
42.154417,-78.139391
42.316748,-79.432622
42.257674,-78.174601
42.250021,-79.296028
42.343336,-78.869752
42.105907,-79.27912
42.013691,-78.264775
42.187468,-79.450523
42.308946,-79.387594
42.07268,-79.644932
42.252473,-79.008294
42.245997,-78.209403
42.2828,-79.366516
42.405354,-78.735158
42.174736,-78.94734
42.297229,-78.649654
42.229098,-79.11347
42.126604,-79.182837
42.45079,-78.104285
42.133206,-79.737701
42.335753,-78.491244
42.053586,-79.118889
42.187901,-78.157246
42.21129,-79.170519
42.21704,-78.584117
42.120512,-79.30958
42.197916,-78.415859
42.422827,-78.206289
42.4777,-78.140343
42.152725,-79.111065
42.144977,-78.646626
42.12481,-79.440009
42.298328,-79.006231
42.352416,-79.323502
42.141266,-78.607674
42.031872,-78.209708
42.254567,-78.823628
42.19815,-79.417353
42.23716,-79.370911
42.342529,-79.41091
42.082142,-78.425973
42.357543,-78.807283
42.191346,-79.505101
42.371561,-79.468963
42.092944,-78.342341
42.156841,-78.844412
42.114385,-78.168055
42.230461,-79.42678
42.397363,-78.23233
42.270112,-78.684684
42.180526,-78.615625
42.172076,-79.611348
42.257762,-79.253829
42.082001,-78.917738
42.31514,-79.38833
42.155693,-79.412233
42.12267,-78.221332
42.253734,-79.484286
42.062125,-78.377974
42.206391,-77.306185
42.240535,-77.783192
42.254097,-77.799317
42.313285,-77.851286
42.375566,-76.732706
42.145794,-77.811901
42.465145,-77.57387
42.562012,-77.468518
42.367861,-77.464128
42.357464,-77.302789
42.322924,-76.977336
42.242168,-77.963148
42.156516,-76.93164
42.369808,-77.235796
42.199631,-76.7312
42.359694,-76.349154
42.464152,-76.798018
42.211491,-77.453509
42.180046,-77.280502
42.262954,-77.215478
42.422577,-77.835626
42.348146,-77.42713
42.272948,-76.693628
42.052426,-76.607029
42.470356,-77.391286
42.178527,-77.141357
42.120541,-77.048462
42.145265,-77.56683
42.546164,-77.90021
42.555387,-77.014409
42.181224,-76.671949
42.143242,-77.562991
42.322455,-77.198396
42.492291,-76.824556
42.577714,-76.96452
42.383978,-77.479051
42.160717,-76.878456
42.21003,-76.836629
42.555834,-77.999451
42.60844,-76.735556
42.402794,-76.483999
42.460721,-76.505435
42.445074,-76.467233
42.447373,-76.483703
42.50632,-76.608222
42.142197,-77.497908
42.374218,-77.364812
42.512632,-76.927019
42.04507,-77.106679
42.115457,-76.507823
42.586029,-76.801671
42.087671,-76.684615
42.451569,-76.706717
42.259644,-76.842298
42.358866,-76.841852
42.365688,-76.610212
42.377454,-76.77621
42.159759,-77.382462
42.047024,-76.882455
42.240529,-76.875072
42.38056,-77.354408
42.520261,-77.197141
42.429721,-76.925846
42.071887,-77.677653
42.48015,-76.946931
42.327262,-77.193204
42.16615,-77.965672
42.402463,-76.360782
42.573453,-76.552378
42.203102,-76.471165
42.455859,-77.889425
42.060366,-77.562142
42.4803,-76.635158
42.399371,-77.026768
42.210223,-76.585084
42.37285,-76.927135
42.107825,-76.502218
42.474143,-77.097713
42.027102,-76.764516
42.230956,-77.917245
42.050965,-77.821349
42.069469,-77.438058
42.082585,-76.71857
42.147285,-76.750888
42.119824,-76.887659
42.061824,-76.823678
42.093574,-76.844329
42.147285,-76.750888
